1
0
0
0
0
120
                   Order            VoltageLevel                    Gain              PluseWidth             RepeatTimes                      AB                      MN             Voltage(mV)             Current(mA)      Resistivity(Ohm-m) RepeatResitivity(Ohm-m)            stdDeviation                       
                       1                       1                       0                       0                       1                      21                       3                  16.706                   4.606                 3332.92                       1                 3332.92                       0                       
                       2                       1                       0                       0                       1                      15                       3                 219.331                  17.985                 5689.44                       1                 5689.44                       0                       
                       3                       1                       0                       0                       1                       9                       3                 624.529                  13.584                 7582.75                       1                 7582.75                       0                       
                       4                       1                       0                       0                       1                      27                       3                   7.884                   4.765                 2518.28                       1                 2518.28                       0                       
                       5                       1                       0                       0                       1                      21                       3                  87.652                  17.731                 4542.48                       1                 4542.48                       0                       
                       6                       1                       0                       0                       1                      15                       3                 172.633                  13.798                 5836.72                       1                 5836.72                       0                       
                       7                       1                       0                       0                       1                      33                       3                   3.684                   4.382                 1913.76                       1                 1913.76                       0                       
                       8                       1                       0                       0                       1                      27                       3                  37.386                  17.356                 3278.71                       1                 3278.71                       0                       
                       9                       1                       0                       0                       1                      21                       3                  75.226                  13.552                 5100.84                       1                 5100.84                       0                       
                      10                       1                       0                       0                       1                      39                       3                   2.202                   4.866                 1439.40                       1                 1439.40                       0                       
                      11                       1                       0                       0                       1                      33                       3                  21.267                  17.606                 2749.38                       1                 2749.38                       0                       
                      12                       1                       0                       0                       1                      27                       3                  35.815                  14.001                 3893.65                       1                 3893.65                       0                       
                      13                       1                       0                       0                       1                      45                       3                   3.425                   4.903                 2958.99                       1                 2958.99                       0                       
                      14                       1                       0                       0                       1                      39                       3                  27.031                  17.061                 5039.46                       1                 5039.46                       0                       
                      15                       1                       0                       0                       1                      33                       3                  33.893                  13.507                 5711.42                       1                 5711.42                       0                       
                      16                       1                       0                       0                       1                      51                       3                   0.695                   4.894                  773.45                       1                  773.45                       0                       
                      17                       1                       0                       0                       1                      45                       3                   1.919                  17.598                  461.98                       1                  461.98                       0                       
                      18                       1                       0                       0                       1                      39                       3                   5.454                  13.568                 1278.74                       1                 1278.74                       0                       
                      19                       1                       0                       0                       1                      57                       3                   0.146                   4.970                  200.45                       1                  200.45                       0                       
                      20                       1                       0                       0                       1                      51                       3                   0.579                  17.763                  177.55                       1                  177.55                       0                       
                      21                       1                       0                       0                       1                      45                       3                   2.155                  13.393                  681.57                       1                  681.57                       0                       
                      22                       1                       0                       0                       1                      63                       3                   0.037                   4.625                   66.58                       1                   66.58                       0                       
                      23                       1                       0                       0                       1                      57                       3                   1.735                  17.422                  677.05                       1                  677.05                       0                       
                      24                       1                       0                       0                       1                      51                       3                   3.091                  13.647                 1232.83                       1                 1232.83                       0                       
                      25                       1                       0                       0                       1                      69                       3                   0.271                   4.561                  592.57                       1                  592.57                       0                       
                      26                       1                       0                       0                       1                      63                       3                   1.632                  17.694                  766.22                       1                  766.22                       0                       
                      27                       1                       0                       0                       1                      57                       3                   1.376                  13.640                  685.85                       1                  685.85                       0                       
                      28                       1                       0                       0                       1                      75                       3                   0.076                   4.749                  188.33                       1                  188.33                       0                       
                      29                       1                       0                       0                       1                      69                       3                   2.126                  17.227                 1229.92                       1                 1229.92                       0                       
                      30                       1                       0                       0                       1                      63                       3                   2.488                  13.969                 1479.96                       1                 1479.96                       0                       
                      31                       1                       0                       0                       1                      81                       3                   0.895                   4.764                 2580.10                       1                 2580.10                       0                       
                      32                       1                       0                       0                       1                      75                       3                   1.258                  17.630                  840.54                       1                  840.54                       0                       
                      33                       1                       0                       0                       1                      69                       3                   0.692                  13.535                  509.89                       1                  509.89                       0                       
                      34                       1                       0                       0                       1                      87                       3                   0.956                   4.657                 3252.98                       1                 3252.98                       0                       
                      35                       1                       0                       0                       1                      81                       3                   0.775                  17.559                  606.39                       1                  606.39                       0                       
                      36                       1                       0                       0                       1                      75                       3                   0.581                  13.757                  497.55                       1                  497.55                       0                       
                      37                       1                       0                       0                       1                      93                       3                   0.427                   4.817                 1603.93                       1                 1603.93                       0                       
                      38                       1                       0                       0                       1                      87                       3                   1.663                  17.031                 1547.71                       1                 1547.71                       0                       
                      39                       1                       0                       0                       1                      81                       3                   0.331                  13.981                  325.07                       1                  325.07                       0                       
                      40                       1                       0                       0                       1                      99                       3                   0.620                   4.667                 2728.04                       1                 2728.04                       0                       
                      41                       1                       0                       0                       1                      93                       3                   0.466                  17.283                  488.76                       1                  488.76                       0                       
                      42                       1                       0                       0                       1                      87                       3                   4.444                  13.591                 5181.46                       1                 5181.46                       0                       
                      43                       1                       0                       0                       1                     105                       3                   0.108                   4.736                  528.79                       1                  528.79                       0                       
                      44                       1                       0                       0                       1                      99                       3                   1.472                  17.483                 1727.47                       1                 1727.47                       0                       
                      45                       1                       0                       0                       1                      93                       3                   1.740                  13.791                 2285.12                       1                 2285.12                       0                       
                      46                       1                       0                       0                       1                     111                       3                   3.678                   4.472                21219.28                       1                21219.28                       0                       
                      47                       1                       0                       0                       1                     105                       3                   0.187                  17.543                  246.25                       1                  246.25                       0                       
                      48                       1                       0                       0                       1                      99                       3                   0.206                  13.594                  310.48                       1                  310.48                       0                       
                      49                       1                       0                       0                       1                     117                       3                   1.125                   4.879                 6607.63                       1                 6607.63                       0                       
                      50                       1                       0                       0                       1                     111                       3                   1.215                  17.168                 1826.56                       1                 1826.56                       0                       
                      51                       1                       0                       0                       1                     105                       3                   0.606                  13.656                 1025.08                       1                 1025.08                       0                       
                      52                       1                       0                       0                       1                     123                       3                   0.383                   4.727                 2565.62                       1                 2565.62                       0                       
                      53                       1                       0                       0                       1                     117                       3                   0.621                  17.528                 1015.63                       1                 1015.63                       0                       
                      54                       1                       0                       0                       1                     111                       3                   0.041                  13.338                   78.95                       1                   78.95                       0                       
                      55                       1                       0                       0                       1                     129                       3                   0.535                   4.636                 4020.88                       1                 4020.88                       0                       
                      56                       1                       0                       0                       1                     123                       3                   0.117                  17.248                  214.60                       1                  214.60                       0                       
                      57                       1                       0                       0                       1                     117                       3                   0.025                  13.614                   52.81                       1                   52.81                       0                       
                      58                       1                       0                       0                       1                     135                       3                   0.322                   4.827                 2542.68                       1                 2542.68                       0                       
                      59                       1                       0                       0                       1                     129                       3                   0.829                  17.004                 1698.83                       1                 1698.83                       0                       
                      60                       1                       0                       0                       1                     123                       3                   0.177                  13.615                  412.28                       1                  412.28                       0                       
                      61                       1                       0                       0                       1                     141                       3                   1.890                   4.581                17182.34                       1                17182.34                       0                       
                      62                       1                       0                       0                       1                     135                       3                   0.199                  17.341                  437.66                       1                  437.66                       0                       
                      63                       1                       0                       0                       1                     129                       3                   0.305                  13.700                  774.93                       1                  774.93                       0                       
                      64                       1                       0                       0                       1                     147                       3                   0.107                   4.874                  989.63                       1                  989.63                       0                       
                      65                       1                       0                       0                       1                     141                       3                   0.605                  17.215                 1464.20                       1                 1464.20                       0                       
                      66                       1                       0                       0                       1                     135                       3                   0.039                  13.850                  107.11                       1                  107.11                       0                       
                      67                       1                       0                       0                       1                     153                       3                   0.541                   4.756                 5572.28                       1                 5572.28                       0                       
                      68                       1                       0                       0                       1                     147                       3                   0.009                  17.265                   24.86                       1                   24.86                       0                       
                      69                       1                       0                       0                       1                     141                       3                   0.411                  13.451                 1273.05                       1                 1273.05                       0                       
                      70                       1                       0                       0                       1                     159                       3                   0.588                   4.898                 6354.19                       1                 6354.19                       0                       
                      71                       1                       0                       0                       1                     153                       3                   0.176                  17.315                  499.03                       1                  499.03                       0                       
                      72                       1                       0                       0                       1                     147                       3                   0.296                  13.927                  961.28                       1                  961.28                       0                       
                      73                       1                       0                       0                       1                     165                       3                   1.162                   4.832                13708.14                       1                13708.14                       0                       
                      74                       1                       0                       0                       1                     159                       3                   0.615                  17.373                 1873.28                       1                 1873.28                       0                       
                      75                       1                       0                       0                       1                     153                       3                   0.083                  13.642                  299.68                       1                  299.68                       0                       
                      76                       1                       0                       0                       1                     171                       3                   0.183                   4.539                 2463.26                       1                 2463.26                       0                       
                      77                       1                       0                       0                       1                     165                       3                   0.298                  17.089                  993.73                       1                  993.73                       0                       
                      78                       1                       0                       0                       1                     159                       3                   0.361                  13.369                 1428.35                       1                 1428.35                       0                       
                      79                       1                       0                       0                       1                     177                       3                   2.788                   4.710                38838.07                       1                38838.07                       0                       
                      80                       1                       0                       0                       1                     171                       3                   0.262                  17.218                  933.16                       1                  933.16                       0                       
                      81                       1                       0                       0                       1                     165                       3                   0.445                  13.580                 1868.07                       1                 1868.07                       0                       
                      82                       1                       0                       0                       1                     183                       3                   0.848                   4.718                12605.99                       1                12605.99                       0                       
                      83                       1                       0                       0                       1                     177                       3                   0.826                  17.089                 3171.13                       1                 3171.13                       0                       
                      84                       1                       0                       0                       1                     171                       3                   1.083                  13.568                 4887.88                       1                 4887.88                       0                       
                      85                       1                       0                       0                       1                     189                       3                   0.790                   4.858                12158.39                       1                12158.39                       0                       
                      86                       1                       0                       0                       1                     183                       3                   1.298                  17.051                 5339.35                       1                 5339.35                       0                       
                      87                       1                       0                       0                       1                     177                       3                   1.271                  13.709                 6084.14                       1                 6084.14                       0                       
                      88                       1                       0                       0                       1                     195                       3                   0.101                   4.542                 1769.97                       1                 1769.97                       0                       
                      89                       1                       0                       0                       1                     189                       3                   1.007                  16.984                 4435.47                       1                 4435.47                       0                       
                      90                       1                       0                       0                       1                     183                       3                   1.447                  13.815                 7347.26                       1                 7347.26                       0                       
                      91                       1                       0                       0                       1                     201                       3                   0.019                   4.669                  335.98                       1                  335.98                       0                       
                      92                       1                       0                       0                       1                     195                       3                   1.094                  16.942                 5142.33                       1                 5142.33                       0                       
                      93                       1                       0                       0                       1                     189                       3                   1.341                  13.770                 7282.95                       1                 7282.95                       0                       
                      94                       1                       0                       0                       1                     207                       3                   0.058                   4.537                 1153.41                       1                 1153.41                       0                       
                      95                       1                       0                       0                       1                     201                       3                   1.475                  17.236                 7241.06                       1                 7241.06                       0                       
                      96                       1                       0                       0                       1                     195                       3                   0.973                  13.572                 5707.29                       1                 5707.29                       0                       
                      97                       1                       0                       0                       1                     213                       3                   0.000                   0.000                    0.00                       1                    0.00                       0                       
                      98                       1                       0                       0                       1                     207                       3                   0.000                   0.000                    0.00                       1                    0.00                       0                       
                      99                       1                       0                       0                       1                     201                       3                   0.000                   0.000                    0.00                       1                    0.00                       0                       
                     100                       1                       0                       0                       1                     219                       3                   0.000                   0.000                    0.00                       1                    0.00                       0                       
                     101                       1                       0                       0                       1                     213                       3                   0.000                   0.000                    0.00                       1                    0.00                       0                       
                     102                       1                       0                       0                       1                     207                       3                   0.000                   0.000                    0.00                       1                    0.00                       0                       
                     103                       1                       0                       0                       1                     225                       3                   0.000                   0.000                    0.00                       1                    0.00                       0                       
                     104                       1                       0                       0                       1                     219                       3                   0.000                   0.000                    0.00                       1                    0.00                       0                       
                     105                       1                       0                       0                       1                     213                       3                   0.000                   0.000                    0.00                       1                    0.00                       0                       
                     106                       1                       0                       0                       1                     231                       3                   0.000                   0.000                    0.00                       1                    0.00                       0                       
                     107                       1                       0                       0                       1                     225                       3                   0.000                   0.000                    0.00                       1                    0.00                       0                       
                     108                       1                       0                       0                       1                     219                       3                   0.000                   0.000                    0.00                       1                    0.00                       0                       
                     109                       1                       0                       0                       1                     237                       3                   0.000                   0.000                    0.00                       1                    0.00                       0                       
                     110                       1                       0                       0                       1                     231                       3                   0.000                   0.000                    0.00                       1                    0.00                       0                       
                     111                       1                       0                       0                       1                     225                       3                   0.000                   0.000                    0.00                       1                    0.00                       0                       
                     112                       1                       0                       0                       1                     243                       3                   0.000                   0.000                    0.00                       1                    0.00                       0                       
                     113                       1                       0                       0                       1                     237                       3                   0.000                   0.000                    0.00                       1                    0.00                       0                       
                     114                       1                       0                       0                       1                     231                       3                   0.000                   0.000                    0.00                       1                    0.00                       0                       
                     115                       1                       0                       0                       1                     249                       3                   0.000                   0.000                    0.00                       1                    0.00                       0                       
                     116                       1                       0                       0                       1                     243                       3                   0.000                   0.000                    0.00                       1                    0.00                       0                       
                     117                       1                       0                       0                       1                     237                       3                   0.000                   0.000                    0.00                       1                    0.00                       0                       
                     118                       1                       0                       0                       1                     255                       3                   0.000                   0.000                    0.00                       1                    0.00                       0                       
                     119                       1                       0                       0                       1                     249                       3                   0.000                   0.000                    0.00                       1                    0.00                       0                       
                     120                       1                       0                       0                       1                     243                       3                   0.000                   0.000                    0.00                       1                    0.00                       0                       
